0 289
-4 289
-8 289
-12 283
-16 284
-20 283
-24 282
-28 278
-32 278
-36 277
-40 276
-44 276
-48 275
-52 275
-56 273
-60 274
-64 272
-68 270
-72 271
-76 269
-81 273
-85 271
-89 270
-93 268
-99 272
-102 270
-108 272
-112 272
-118 273
-122 272
-128 274
-131 272
-136 271
-139 268
-146 270
-150 269
-155 270
-160 268
-166 269
-170 267
-177 269
-181 267
-187 268
-194 268
-200 269
-204 266
-211 267
-216 266
-224 267
-230 266
-236 266
-243 265
-252 267
-256 264
-262 262
-269 261
-276 261
-279 256
-290 258
-293 253
-302 254
-311 253
-316 250
-321 246
-337 251
-340 246
-345 241
-356 241
-369 242
-374 238
-385 237
-387 231
-404 233
-414 231
-440 237
-439 228
-454 228
-467 226
-489 228
-502 225
-516 222
-508 210
-501 199
-503 191
-508 185
-498 173
-484 160
-495 156
-487 145
-492 139
-483 129
-485 122
-483 114
-480 106
-480 99
-475 90
-474 83
-478 77
-475 69
-473 62
-473 55
-474 48
-473 41
-466 34
-465 27
-472 20
-467 13
-466 6
-466 0
-467 -6
-461 -13
-459 -20
-460 -26
-458 -33
-457 -39
-452 -46
-451 -52
-449 -59
-448 -65
-448 -72
-447 -78
-445 -85
-444 -91
-444 -98
-441 -104
-439 -111
-444 -119
-444 -126
-440 -131
-438 -138
-440 -145
-442 -153
-438 -159
-435 -165
-436 -173
-440 -182
-437 -188
-434 -195
-430 -200
-428 -207
-425 -213
-425 -221
-426 -229
-423 -236
-419 -242
-415 -248
-418 -258
-421 -268
-412 -271
-409 -277
-418 -293
-406 -293
-415 -309
-408 -313
-410 -324
-411 -335
-411 -345
-404 -349
-404 -359
-404 -370
-433 -409
-401 -390
-396 -396
-400 -411
-396 -420
-396 -432
-393 -441
-393 -455
-385 -459
-380 -467
-385 -488
-383 -499
-386 -518
-379 -526
-372 -532
-377 -556
-376 -571
-375 -589
-352 -570
-380 -637
-355 -616
-349 -625
-346 -642
-330 -635
-343 -683
-348 -719
-343 -736
-331 -738
-331 -768
-305 -738
-299 -753
-283 -744
-274 -754
-247 -713
-242 -732
-236 -750
-210 -702
-204 -721
-184 -689
-180 -715
-167 -706
-158 -715
-139 -677
-132 -694
-119 -676
-109 -681
-101 -694
-86 -660
-78 -669
-67 -656
-58 -672
-48 -670
-38 -652
-28 -661
-19 -655
-9 -654
0 -655
9 -654
19 -653
28 -652
37 -652
47 -654
56 -650
66 -650
75 -642
84 -641
94 -642
103 -640
112 -639
121 -636
130 -629
136 -616
145 -614
154 -613
164 -612
172 -607
185 -620
194 -617
203 -614
211 -609
223 -614
233 -613
241 -607
250 -604
259 -601
268 -599
276 -593
285 -589
290 -579
301 -580
307 -570
319 -572
326 -565
339 -568
360 -583
370 -581
375 -570
388 -572
408 -583
406 -562
438 -588
432 -563
461 -583
451 -553
504 -601
504 -584
513 -576
527 -575
531 -563
561 -577
550 -550
559 -542
534 -504
534 -489
535 -476
524 -453
495 -415
514 -419
482 -381
467 -358
466 -347
464 -335
460 -322
466 -316
453 -298
451 -287
442 -272
444 -265
440 -254
448 -250
441 -238
440 -229
440 -220
435 -210
427 -199
432 -193
428 -185
426 -176
427 -169
423 -161
422 -153
420 -146
420 -139
426 -134
422 -126
422 -119
415 -111
416 -105
414 -98
417 -92
416 -86
417 -79
419 -73
418 -67
415 -60
416 -54
416 -48
417 -42
414 -36
414 -30
410 -23
410 -17
409 -11
410 -5
405 0
406 5
405 11
405 17
404 23
404 29
405 35
403 41
401 46
403 53
398 58
401 64
400 70
399 76
397 81
396 87
400 94
397 100
395 106
399 113
397 119
395 124
399 132
398 138
395 143
392 149
393 156
392 162
390 168
388 174
390 181
387 187
390 195
385 200
383 206
385 215
383 221
383 228
380 234
374 238
379 249
377 256
371 260
373 269
374 279
366 281
373 295
366 298
364 306
365 316
362 323
368 337
364 343
364 354
359 359
354 364
338 358
323 352
310 348
300 347
295 352
290 356
278 351
274 358
266 358
255 354
250 357
241 356
233 355
226 355
217 352
208 348
202 351
196 351
188 349
182 350
174 346
167 346
160 344
155 347
147 341
140 339
134 338
129 340
123 338
117 336
109 331
104 332
98 328
92 326
87 324
81 321
75 318
70 318
65 314
59 311
54 307
49 303
44 303
39 302
35 300
30 302
26 302
21 298
17 295
12 293
8 295
4 289
