2607
2603
2605
2637
2628
2632
2634
2653
2652
2653
2655
2654
2654
2654
2657
2650
2656
2657
2648
2652
2627
2629
2628
2632
2603
2604
2582
2574
2557
2556
2531
2533
2529
2531
2505
2500
2483
2477
2456
2451
2424
2419
2394
2370
2346
2344
2314
2297
2264
2246
2219
2193
2146
2143
2121
2097
2066
2074
2015
2017
1975
1936
1927
1918
1833
1834
1829
1784
1730
1721
1685
1688
1628
1599
1518
1534
1493
1465
1411
1387
1360
1387
1412
1414
1408
1441
1489
1462
1493
1485
1516
1518
1528
1544
1549
1569
1576
1566
1580
1592
1595
1593
1597
1625
1633
1607
1627
1632
1630
1628
1649
1656
1652
1655
1660
1674
1678
1680
1682
1676
1678
1679
1679
1675
1680
1681
1654
1648
1656
1658
1640
1625
1629
1631
1617
1594
1594
1595
1598
1598
1594
1582
1569
1567
1566
1568
1543
1519
1539
1535
1487
1514
1466
1476
1452
1434
1419
1423
1409
1392
1292
1366
1363
1335
1328
1309
1301
1282
1284
1280
1245
1232
1204
1201
1199
1165
1148
1127
1168
1072
1111
1104
1087
1104
1044
1006
992
995
966
1006
994
1009
1002
1056
1037
1019
1083
1062
1108
1077
1092
1083
1137
1116
1144
1140
1124
1174
1163
1184
1162
1166
1193
1181
1191
1192
1191
1192
1193
1195
1194
1190
1195
1194
1204
1204
1200
1201
1200
1203
1210
1230
1230
1228
1225
1230
1203
1204
1203
1207
1193
1190
1194
1192
1191
1189
1191
1192
1202
1193
1202
1191
1194
1180
1146
1141
1150
1137
1109
1134
1082
1112
1070
1107
1022
1036
1036
1026
1033
999
1029
1028
1080
1093
1104
1136
1205
1178
1257
1305
1320
1337
1360
1358
1404
1422
1463
1468
1495
1478
1513
1528
1542
1569
1612
1604
1628
1651
1657
1681
1697
1715
1727
1707
1736
1741
1783
1786
1806
1796
1807
1809
1808
1814
1835
1836
1837
1838
1856
1860
1884
1887
1891
1888
1916
1911
1912
1911
1919
1913
1906
1912
1920
1909
1928
1911
1910
1909
1915
1914
1883
1888
1891
1859
1861
1862
1830
1829
1833
1835
1819
1811
1810
1809
1783
1783
1755
1762
1759
1732
1728
1712
1707
1722
1680
1668
1679
1652
1627
1646
1597
1608
1595
1571
1563
1520
1516
1493
1493
1494
1541
1588
1631
1656
1655
1655
1703
1689
1709
1754
1756
1783
1810
1831
1866
1913
1913
1929
1961
1973
2017
2034
2067
2064
2117
2147
2167
2166
2196
2217
2262
2264
2300
2321
2341
2369
2396
2398
2428
2454
2480
2506
2510
2518
2536
2525
2528
2551
2568
2582
2573
2605
